3 6 28
15 13 36
6 12 50
1 2 28
10 19 14
6 0 27
12 16 12
8 7 30
2 10 13
3 7 36
9 2 23
18 9 18
13 16 12
2 9 24
1 19 35
17 18 25
15 10 14
6 11 31
16 13 13
10 16 32
5 5 35
7 16 6
6 9 14
17 4 46
2 5 15
7 14 15
3 10 38
8 16 29
8 4 4
11 14 50
12 0 27
8 19 13
6 6 45
19 15 21
14 18 18
1 17 3
17 12 3
16 1 31
6 1 16
9 4 20
0 9 32
17 17 22
1 15 10
7 7 7
17 13 37
5 6 34
19 4 29
11 12 30
3 19 21
8 8 16
0 9 47
3 18 46
6 11 22
15 19 39
4 8 42
10 13 1
14 4 25
14 7 7
3 11 28
5 19 37
12 11 38
8 15 8
14 1 9
15 9 38
15 13 19
8 3 12
8 9 27
4 3 14
0 4 19
8 8 20
17 17 47
4 3 21
3 10 50
12 5 45
10 5 40
14 6 20
2 2 15
17 7 6
4 8 12
2 8 50
3 6 19
0 2 12
10 5 2
1 10 29
5 0 37
4 6 23
5 8 17
2 18 25
17 2 25
0 16 3
19 19 1
8 11 24
11 1 31
13 14 11
3 19 32
19 16 10
13 13 19
10 15 27
6 4 41
10 4 27
2 16 8
5 16 30
18 7 13
8 12 10
9 16 11
2 7 7
1 13 23
1 15 20
19 1 5
19 11 41
7 5 29
7 10 35
18 0 25
2 9 47
1 10 35
12 12 23
10 5 36
2 19 41
2 18 14
18 10 25
10 9 32
19 16 33
15 14 5
19 9 24
16 10 6
0 2 30
4 13 6
1 7 5
13 1 5
6 19 45
2 2 7
4 1 43
8 8 40
12 8 9
18 16 9
13 8 4
13 13 49
10 14 18
6 8 30
0 6 39
17 9 41
3 13 14
17 13 43
6 5 3
16 15 39
17 9 37
0 14 22
0 4 29
7 10 49
16 2 45
17 19 44
19 2 29
3 0 32
7 18 10
11 15 35
19 12 16
7 4 30
9 4 36
9 3 36
17 0 39
11 9 40
7 8 43
15 3 45
9 10 33
0 1 20
6 12 12
2 0 18
3 1 32
9 10 26
16 7 28
14 10 27
4 17 15
8 5 9
12 6 1
6 6 45
16 12 29
9 6 41
7 10 2
0 11 44
17 7 13
6 14 6
12 10 13
19 10 20
9 14 6
1 0 34
7 8 39
6 10 35
16 17 7
0 9 38
5 19 18
18 5 34
17 9 34
7 18 8
14 11 30
0 19 19
18 5 39
14 13 8
1 13 9
10 19 18
19 9 14
2 14 24
7 11 13
2 10 43
11 17 16
1 17 25
11 7 2
11 1 38
0 14 31
18 5 32
16 16 3
11 19 47
4 18 31
18 1 21
2 12 30
17 5 37
4 16 34
7 19 8
4 19 12
7 10 37
0 18 6
3 9 45
11 5 35
11 15 6
14 9 19
2 2 33
17 10 44
14 6 44
6 13 44
14 14 14
19 17 13
15 8 20
10 12 45
17 6 36
17 11 4
3 13 29
5 11 11
18 17 37
3 15 41
18 10 5
11 1 34
5 9 24
4 11 6
10 8 4
5 6 46
19 9 21
7 6 14
17 16 32
5 0 37
15 10 19
11 2 33
16 19 22
10 4 23
7 14 41
3 12 49
10 3 48
10 10 24
14 19 23
7 4 33
15 12 5
14 3 49
6 0 29
19 2 13
3 1 49
3 4 23
2 14 36
1 17 16
7 11 27
9 18 2
3 13 34
7 19 29
6 17 21
4 8 35
18 11 27
18 15 3
11 9 10
6 10 17
4 9 40
0 18 10
13 1 15
18 9 27
7 7 24
7 11 33
2 1 26
10 19 41
14 10 32
13 17 45
1 1 4
0 13 33
1 7 16
16 5 5
2 12 2
17 12 35
1 6 16
17 8 46
19 2 48
3 16 5
17 9 38
12 2 22
6 3 11
2 11 36
6 5 31
10 3 15
16 16 21
12 5 29
19 5 41
16 0 19
3 17 29
2 1 11
15 8 26
15 10 38
13 8 23
3 10 8
17 7 27
9 11 2
9 10 29
19 18 39
10 13 28
10 16 50
12 11 38
17 19 8
6 12 18
1 15 19
18 4 46
16 5 17
8 14 29
8 13 29
17 15 23
14 5 1
5 17 34
12 7 33
1 13 35
19 14 22
19 5 8
14 1 13
12 1 17
12 10 13
2 19 18
14 13 16
6 11 15
10 3 42
12 17 38
19 8 22
0 7 7
10 1 21
12 5 12
9 17 12
3 11 13
0 6 39
7 4 40
12 14 5
15 19 42
12 18 20
16 10 7
4 0 50
14 5 15
6 6 34
19 9 36
12 1 44
10 9 10
11 13 15
15 8 46
17 13 34
18 9 6
15 13 19
16 0 34
3 6 22
18 17 41
5 1 12
10 3 1
0 14 26
4 2 25
19 19 40
4 9 39
11 16 34
19 13 44
4 16 32
15 6 12
7 12 43
9 2 19
11 2 25
7 18 17
3 17 38
12 13 8
2 5 34
17 16 19
1 13 27
14 0 44
5 8 6
10 9 10
18 0 13
4 19 31
1 2 11
0 6 34
9 0 9
3 18 8
13 11 11
0 5 41
13 11 39
10 1 18
9 11 31
3 15 50
4 8 5
6 9 33
9 10 24
10 13 14
7 19 45
9 19 2
19 4 43
10 6 16
9 15 37
1 11 35
13 7 23
7 13 44
19 2 5
4 4 40
19 3 19
13 12 20
5 4 34
19 14 20
15 15 38
13 9 1
7 2 38
2 9 11
5 0 5
11 17 30
3 16 43
1 2 6
3 19 12
8 18 48
0 5 33
7 19 2
9 6 4
6 8 45
16 6 8
12 17 15
1 0 31
6 14 5
3 17 34
4 17 13
11 17 10
5 16 9
9 5 46
2 11 46
9 19 2
16 12 22
0 5 44
12 11 40
7 6 29
12 10 47
4 13 14
6 19 21
14 8 16
1 2 40
17 3 49
10 19 3
13 11 29
17 4 22
6 3 39
5 15 41
1 12 27
14 18 26
16 12 46
12 6 40
11 3 4
1 5 43
16 19 25
4 16 31
7 14 14
17 19 11
10 12 33
16 19 41
13 15 46
18 7 42
17 10 27
0 4 2
3 0 43
9 16 41
19 3 36
4 13 7
4 3 2
9 11 31
19 4 16
6 2 26
19 11 48
7 4 32
1 19 32
13 8 28
14 19 44
1 3 19
7 19 44
18 8 45
0 0 49
6 18 3
3 18 46
10 5 30
2 6 49
5 12 29
13 6 48
8 7 23
16 6 13
19 17 1
13 17 33
3 15 2
7 18 50
14 1 7
14 3 26
4 8 48
3 13 16
0 1 15
5 17 1
17 8 30
9 13 30
14 16 15
5 15 16
6 10 27
12 16 30
9 12 10
6 15 46
13 8 27
7 13 27
0 2 37
9 3 1
8 17 17
15 2 45
0 0 27
18 5 45
19 14 47
8 13 13
3 6 43
12 14 8
10 14 20
16 15 35
16 4 33
5 11 17
1 3 38
7 1 3
1 0 39
19 0 42
13 4 29
15 8 13
2 10 47
3 6 12
0 15 38
14 12 41
10 13 34
19 0 45
13 13 5
2 4 26
3 18 2
11 13 12
5 8 32
13 3 50
17 15 15
4 9 47
7 12 42
0 11 24
7 17 37
13 19 32
0 14 22
11 18 47
14 3 15
7 17 1
7 14 36
13 10 8
12 9 30
3 10 43
7 9 50
15 2 41
8 3 6
19 6 26
16 13 11
12 0 8
4 7 34
0 1 27
17 5 28
18 8 20
10 7 49
0 3 22
0 3 17
7 3 33
12 11 36
13 3 9
2 8 46
18 0 19
16 9 24
3 7 5
13 17 32
3 9 47
4 2 31
12 9 6
7 14 17
14 19 32
2 13 2
18 11 14
18 19 23
4 15 12
10 0 22
3 3 1
0 0 43
12 12 5
7 19 9
5 14 18
18 16 41
0 6 15
13 17 16
8 1 21
9 3 1
12 6 5
7 10 19
11 9 29
1 6 25
18 5 11
1 5 40
7 10 27
12 18 50
5 0 13
17 12 49
1 17 8
9 17 20
18 8 40
18 10 36
12 0 43
14 13 8
3 0 1
1 5 39
0 10 41
14 7 26
3 1 45
2 10 42
3 0 21
14 18 43
12 10 23
14 5 9
14 0 9
4 2 46
4 2 38
5 17 36
2 12 49
16 6 31
0 9 2
12 16 40
14 8 23
8 2 8
8 16 38
17 0 40
14 5 15
2 2 24
9 16 16
17 4 4
19 4 5
10 16 11
12 2 9
4 3 42
1 11 20
10 0 41
2 15 48
16 9 32
19 18 18
6 15 2
11 14 29
5 17 17
16 9 12
14 13 37
7 6 50
17 16 11
19 10 18
6 6 9
7 17 17
16 15 44
17 6 20
7 12 47
14 0 18
15 14 1
11 2 9
10 11 26
2 10 48
1 16 35
9 15 14
15 11 2
0 0 48
0 8 12
16 14 2
14 9 29
16 12 33
5 2 34
2 17 24
9 10 2
15 0 47
19 7 30
2 8 50
19 8 40
13 16 14
6 10 35
14 19 37
16 4 22
9 18 1
4 19 41
15 15 1
1 6 1
2 8 29
4 19 9
13 4 35
9 11 28
5 17 37
2 14 23
5 15 11
5 12 50
7 7 27
18 1 3
0 3 33
18 7 15
16 13 9
10 14 20
7 19 28
15 1 14
7 18 11
9 15 43
11 3 13
7 13 14
2 13 29
16 11 7
10 19 42
9 1 46
10 9 5
9 16 9
2 4 27
15 13 15
7 4 8
11 4 11
4 18 24
13 14 27
1 5 26
14 6 7
9 16 48
15 6 35
3 0 41
2 15 24
8 15 41
5 6 17
7 3 5
10 8 41
8 1 36
13 15 2
11 4 11
11 11 39
15 7 49
15 1 7
0 9 2
2 14 50
0 1 15
4 3 23
15 11 34
2 16 41
16 19 37
18 10 29
6 17 26
14 4 7
10 5 36
13 19 22
15 0 25
19 16 18
4 3 31
9 6 37
10 14 46
18 12 9
6 18 6
13 4 31
1 7 8
18 0 29
9 7 9
13 19 8
12 15 11
2 4 9
0 6 3
6 5 7
6 3 5
11 17 2
13 10 49
12 9 1
11 10 9
1 16 38
8 8 13
11 3 19
19 3 46
14 1 33
12 7 8
9 11 45
10 4 8
18 17 27
18 0 29
6 1 35
5 2 16
19 13 49
18 4 24
15 10 36
9 3 45
6 12 6
13 2 1
10 0 40
8 10 50
16 17 43
1 14 25
18 14 10
18 4 5
1 19 17
18 0 50
3 6 14
18 19 6
10 1 28
11 9 29
12 6 18
15 19 34
19 9 38
9 7 4
15 0 25
11 19 35
11 14 44
6 4 43
12 7 47
1 18 26
1 11 14
10 6 45
14 17 36
3 18 33
17 13 16
13 17 15
18 0 31
1 6 15
15 18 24
11 12 43
9 5 26
4 16 14
11 2 31
6 5 42
9 14 45
16 8 12
10 18 42
2 19 49
18 6 39
2 10 43
4 19 39
1 15 47
4 6 49
16 13 36
7 14 13
4 10 3
17 12 41
11 6 22
19 4 40
9 6 40
4 2 1
12 3 37
8 19 43
18 16 8
13 15 14
15 19 26
9 17 10
9 0 46
12 11 1
2 0 47
13 16 30
4 8 25
10 8 45
14 18 23
4 12 48
7 19 20
13 9 49
14 10 29
10 15 10
10 9 32
8 2 39
17 6 19
14 8 20
18 3 38
10 7 12
9 6 4
0 11 15
8 6 37
16 16 42
7 18 23
19 6 16
19 4 24
7 18 33
8 8 38
16 10 45
19 11 23
2 12 45
6 0 23
13 9 49
6 8 27
9 7 3
6 18 9
9 18 19
1 6 29
0 14 9
14 14 13
19 16 5
15 15 35
17 0 36
7 6 15
3 15 4
17 13 43
8 3 1
8 16 47
9 17 22
19 3 38
1 2 44
15 17 11
2 6 21
17 13 18
1 8 25
17 6 9
19 6 44
19 6 10
17 15 47
10 15 3
17 16 47
13 12 25
3 6 11
14 3 7
3 17 35
19 14 3
9 13 19
2 4 6
4 13 43
2 4 38
4 1 7
1 6 49
7 10 5
19 16 10
5 11 27
0 2 13
12 12 8
3 6 12
0 10 28
12 13 22
0 17 35
8 10 12
8 17 14
14 17 12
3 14 25
2 14 27
14 19 29
4 2 26
17 2 28
4 14 31
15 6 41
0 14 1
3 2 41
8 16 20
9 12 44
5 14 49
11 0 38
2 4 30
19 2 34
6 6 38
7 14 37
9 6 31
9 9 26
11 17 24
10 18 36
4 3 40
4 6 3
3 8 27
12 7 31
7 6 38
4 13 22
12 14 18
15 15 39
0 7 48
13 17 8
19 13 43
10 17 29
2 0 48
11 4 27
1 11 43
18 8 28
1 0 22
10 7 30
0 7 37
19 13 14
16 4 10
8 14 17
19 9 28
18 0 22
4 13 36
9 4 4
18 5 16
2 8 4
1 8 43
7 0 6
2 16 32
11 17 9
18 16 38
17 14 50
0 10 23
7 11 47
2 10 45
18 12 33
13 13 3
7 12 5
15 14 42
6 18 11
4 8 39
3 5 23
14 17 45
7 5 47
15 7 7
9 17 1
3 2 4
18 10 6
12 5 22
15 11 12
15 8 40
3 3 37
17 18 27
2 5 42
10 0 41
8 2 39
18 17 41
1 15 41
8 0 48
1 15 42
13 3 30
4 18 3
13 16 11
19 10 28
10 12 1
0 0 25
0 18 32
11 19 30
3 19 20
1 12 47
14 17 20
3 2 29
7 15 47
10 14 17
9 16 39
9 16 19
15 9 9
7 0 8
18 15 29
17 8 41
15 2 9
5 17 23
5 17 20
1 7 24
19 16 30
9 18 28
7 13 7
15 12 9
14 10 27
4 19 7
6 15 40
6 12 9
8 17 16
17 10 23
12 9 12
3 18 32
3 17 7
11 4 20
12 10 2
8 6 24
4 12 31
15 19 45
4 19 42
9 9 24
14 1 3
15 17 23
6 0 2
14 11 46
3 15 18
7 3 44
2 0 18
4 7 47
18 11 9
9 13 18
2 7 1
16 14 38
0 12 10
1 6 24
18 2 39
5 9 33
10 3 15
7 7 22
16 5 16
4 6 9
1 0 26
11 8 30
11 8 2
10 9 48
13 19 42
12 16 33
6 6 46
0 5 15
13 1 30
18 17 38
16 18 8
13 2 46
4 13 26
7 15 47
5 9 6
8 13 24
1 19 40
16 11 28
11 4 31
2 15 9
0 11 27
9 17 41
15 1 34
12 9 20
19 6 21
16 14 24
10 15 15
1 4 6
18 15 22
9 9 27
17 9 31
15 19 8
16 6 39
1 18 30
2 9 26
4 6 23
7 16 48
1 17 2
18 16 49
0 17 19
16 6 50
16 1 49
5 9 17
16 11 28
15 5 27
13 10 23
5 9 39
12 3 19
16 1 37
6 1 24
14 10 40
16 18 13
16 4 33
3 0 36
0 7 43
18 0 23
3 5 5
3 10 48
1 18 9
7 4 13
2 11 33
11 7 3
6 3 27
10 18 49
17 10 49
9 9 49
4 12 27
8 7 29
15 9 9
3 16 15
17 11 16
9 14 15
12 0 11
10 10 19
1 7 22
19 9 41
9 13 5
17 13 2
7 8 3
15 3 42
12 1 43
19 2 47
14 6 20
16 9 40
4 10 50
15 1 41
7 2 34
3 12 39
7 11 47
11 19 22
12 11 25
16 10 38
3 16 16
2 12 35
3 9 47
4 16 48
14 16 43
9 19 7
17 18 18
5 2 37
17 14 28
1 11 9
0 6 47
6 0 50
0 15 39
17 0 35
6 6 31
10 16 33
6 5 43
14 11 15
12 0 42
10 13 15
10 14 31
6 12 13
7 12 48
5 1 40
0 0 27
2 10 43
4 9 30
9 15 31
3 7 21
4 9 25
8 19 31
10 18 3
12 5 27
2 11 49
11 3 21
7 17 33
11 14 42
1 3 17
6 3 6
12 3 8
12 6 46
16 18 21
12 12 24
2 4 39
12 3 49
5 7 33
18 8 38
7 13 26
3 19 41
8 11 47
5 15 23
12 11 33
5 16 26
8 18 40
19 3 5
7 0 12
1 10 42
18 17 26
13 0 37
16 1 49
2 18 46
14 3 30
16 8 26
11 8 36
2 19 31
17 6 41
10 7 14
12 17 11
7 11 34
13 7 37
3 9 27
9 15 50
18 11 28
15 3 39
10 17 18
13 14 17
15 5 16
8 9 4
19 16 7
14 1 16
10 17 27
16 18 12
6 8 3
15 3 28
13 5 26
11 18 2
7 6 19
2 14 18
7 13 24
3 7 28
18 9 27
14 6 15
5 4 23
0 19 28
17 5 15
4 16 16
