112
109
99
25
331
25
112
248
273
103
23
97
322
100
322
97
521
546
25
103
325
26
725
738
969
325
26
26021
103
103
322
998
1011
2213
322
1107
103
25
97
109
1283
1290
1330
319
23
97
23
319
20
1559
319
94
103
26
325
1724
23
23
26238
26245
1885
1910
331
1978
319
325
25
4049
26308
319
2207
2229
2269
2282
328
2359
20
23
2443
331
100
2554
2576
2326
23
2666
2691
20
325
94
2824
2855
2533
2920
103
112
109
3035
3078
328
3119
94
20
112
2809
3295
23
328
3373
3416
25
319
109
319
325
94
3630
331
103
23
97
3785
3801
26693
3869
328
3928
328
3996
106
4061
25
331
4163
4179
322
97
319
322
328
103
4393
319
26
4504
328
4545
4585
25
328
26882
4703
4746
328
331
103
328
4892
26938
20
20
100
325
23
94
331
94
27001
4281
27015
5295
109
331
325
5428
5453
325
97
5555
100
97
319
26
112
331
319
5788
25
325
25
325
94
5992
109
331
328
6098
6141
6163
6197
328
94
25
25
26
319
23
100
100
97
6532
6560
6597
6640
20
6693
20
6758
6801
319
26
322
112
20
103
7000
20
319
328
109
7161
328
7217
26
25
7325
7353
27491
319
331
26
7511
331
7573
106
23
97
27561
325
94
7793
100
27596
7868
109
322
7967
26
100
8060
8094
325
23
103
8227
328
322
8311
8333
23
8407
8441
6673
322
8528
112
319
325
8652
26
8708
94
100
20
100
8866
25
20
328
27855
9030
9055
112
9120
26
109
319
20
20
9312
109
328
9399
16787
9449
27967
16958
9560
97
9601
23
319
97
112
9765
9796
322
26
9898
322
9960
9985
103
10035
28100
25
325
106
10205
319
103
100
319
8076
319
10428
319
8168
10518
28205
10568
100
106
331
26
25
10760
20
25
10847
26
325
106
10971
328
25
100
20
328
331
328
328
11262
319
8789
11346
11365
112
11430
103
331
94
8973
8996
20630
9042
11690
112
103
106
9157
25
28506
97
23
28527
319
112
97
319
12115
21548
106
109
100
20
319
100
12369
12409
12425
109
28646
12536
12549
12574
12608
12657
112
319
12753
103
94
325
12856
12908
112
12967
10031
13032
23
13082
13113
26
319
112
112
97
13302
20
331
28849
13420
13451
325
97
25
328
13612
13646
106
24245
10583
13755
13792
20
10675
94
331
23
25
26
325
14062
25
103
325
10928
14220
14272
328
11020
325
14381
109
322
331
331
109
319
14610
14638
25910
328
29150
26081
20
94
319
100
14923
94
100
